Duc [[0.         0.06459524 0.         0.         0.1296331  0.
  0.         0.16014183 0.00766611 0.03689342 0.03611984 0.
  0.         0.         0.         0.         0.         0.
  0.00337225 0.15763721 0.00158656 0.         0.         0.
  0.04305124 0.35222343 0.00716877 0.2726324  0.         0.11283854
  0.         0.         0.01785136 0.00254932 0.         0.
  0.         0.         0.         0.         0.         0.
  0.         0.         0.04112643 0.15010034 0.         0.
  0.         0.16988893 0.09701668 0.02530858 0.         0.
  0.         0.07813781 0.         0.         0.         0.
  0.         0.         0.08591124 0.20138586 0.         0.
  0.09053297 0.         0.         0.         0.04197164 0.
  0.         0.         0.         0.         0.         0.09427224
  0.16507657 0.09744992 0.2652317  0.         0.         0.
  0.         0.         0.         0.         0.03603903 0.
  0.         0.         0.05875252 0.         0.         0.
  0.04637964 0.         0.         0.04778774 0.         0.
  0.         0.08926379 0.         0.         0.         0.01784152
  0.         0.         0.08726647 0.         0.04016939 0.01215711
  0.         0.22932096 0.         0.08567493 0.         0.
  0.01245    0.23913269 0.         0.         0.         0.
  0.         0.         0.         0.         0.         0.
  0.         0.         0.         0.         0.00260468 0.
  0.         0.         0.14330696 0.         0.         0.
  0.07063106 0.         0.         0.         0.         0.
  0.         0.22082041 0.         0.         0.05702968 0.01441769
  0.         0.         0.         0.10139883 0.         0.
  0.         0.         0.10354791 0.         0.         0.
  0.         0.10504441 0.         0.         0.         0.
  0.173434   0.         0.         0.03020297 0.         0.0602426
  0.         0.         0.         0.         0.01429311 0.01181318
  0.         0.         0.         0.         0.         0.15016063
  0.         0.07822189 0.         0.         0.         0.
  0.         0.         0.         0.         0.         0.
  0.         0.         0.         0.03005605 0.         0.21100378
  0.05961736 0.         0.         0.         0.         0.10619073
  0.10149117 0.         0.04871657 0.         0.         0.
  0.         0.         0.12547132 0.05940916 0.         0.04885989
  0.         0.         0.         0.05193264 0.06386622 0.
  0.20337592 0.         0.05705947 0.         0.         0.
  0.         0.         0.02255751 0.         0.         0.
  0.         0.         0.         0.         0.         0.
  0.         0.         0.         0.07270202]],
Khoa [[0.         0.26235667 0.         0.         0.11190848 0.
  0.         0.15000628 0.         0.04534294 0.04630715 0.
  0.         0.         0.01428112 0.05537909 0.         0.
  0.06569925 0.08157268 0.06932274 0.         0.         0.
  0.         0.24756399 0.         0.03635623 0.         0.05004353
  0.         0.         0.         0.02799234 0.         0.
  0.         0.         0.         0.         0.         0.
  0.         0.028998   0.         0.11595013 0.         0.
  0.         0.         0.         0.         0.         0.
  0.         0.04159353 0.11401072 0.         0.         0.
  0.02789325 0.         0.         0.23060045 0.         0.
  0.18480033 0.         0.         0.         0.         0.
  0.         0.         0.         0.0386966  0.         0.17072274
  0.01686766 0.0477134  0.27303836 0.         0.         0.
  0.         0.         0.         0.         0.         0.
  0.         0.         0.         0.         0.         0.
  0.         0.         0.         0.         0.         0.
  0.         0.28142563 0.         0.         0.         0.
  0.         0.06848586 0.00807816 0.         0.         0.22158359
  0.         0.25361273 0.         0.03702994 0.         0.
  0.         0.2410479  0.         0.         0.         0.
  0.0928946  0.         0.         0.         0.         0.
  0.         0.18148197 0.         0.         0.1620438  0.
  0.         0.         0.03944286 0.         0.         0.
  0.         0.11356913 0.         0.         0.         0.
  0.         0.15975018 0.         0.         0.04579379 0.
  0.         0.         0.         0.18656054 0.         0.
  0.00395119 0.         0.         0.         0.         0.
  0.         0.10940763 0.21617949 0.         0.         0.
  0.         0.         0.0067698  0.1701734  0.         0.02162751
  0.         0.         0.         0.         0.04675069 0.
  0.         0.         0.16159233 0.         0.         0.13705502
  0.         0.         0.         0.         0.         0.
  0.         0.         0.         0.         0.         0.
  0.         0.         0.         0.         0.         0.0151442
  0.         0.         0.         0.         0.         0.06071748
  0.01036545 0.         0.05126358 0.10379878 0.         0.
  0.         0.         0.         0.         0.         0.
  0.         0.         0.         0.10893185 0.         0.
  0.06665228 0.         0.         0.         0.         0.
  0.         0.         0.         0.         0.         0.
  0.         0.         0.         0.         0.         0.
  0.         0.         0.         0.10755341]],
